%YAML:1.0
---
rect:
   x: 10
   y: 20
   width: 1000
: 10
